2020
Sat Mar 13 15:08:13 2021
32.116563777990045
计算成功, 均值类型为： 先进水平均值为32.116563777990045， 均方差为6.310434015111814
不存在粗大误差
生成数据：
[35.59981694 49.61241252 38.31126655 44.97839325 35.52169451 36.06695844
 41.31765957 41.76656963 35.78640878 21.42223509 35.44252366 40.87310473
 36.65643402 39.41298978 38.22991965 27.36489614 42.13077864 32.81127038
 33.31146483 40.27143775 31.84590775 38.17425788 31.05481388 35.31207668
 34.12740194 33.56370357 31.3053653  36.21926335 37.27965262 42.40557748
 32.85116272 36.84247396 50.56856496 39.00285584 39.58188743 39.26731216
 25.64940477 34.95288988 22.87557885 41.99384633 47.33851601 33.13806093
 47.74109514 29.36143672 28.91341742 40.02794556 31.30845602 33.34279822
 43.42660745 30.29748172 34.70935708 35.76000312 38.91828897 41.17122654
 35.84691762 28.87027515 42.94123334 54.82442672 41.73258895 40.07814307
 34.11366755 34.90067516 27.65408651 40.43948706 35.64168306 44.71142138
 29.90047301 45.19830656 34.53212243 32.61355665 33.42906264 32.62714783
 23.20282575 40.57957426 41.43948708 44.65194851 40.99973937 40.68567864
 25.81369976 37.67324014 29.28743444 34.72878801 45.4039982  36.7119812
 19.85619982 30.12609823 32.89135271 35.06915313 42.48247687 41.83752178
 41.68057849 37.98665405 34.62671888 34.20264026 39.25954677 42.45657883
 46.397897   37.10315983 38.38493519 45.96977461]
