2021
Sat Mar 13 15:09:13 2021
34.14062961944993
计算成功, 均值类型为： 平均先进水平， 均值为34.14062961944993， 均方差为6.360287374579351
不存在粗大误差
生成数据：
[38.8789714  37.3216205  39.86537064 34.14468778 47.65805806 38.92130623
 37.69842864 40.84109658 28.7058876  44.34335885 33.42590633 29.40403076
 45.600205   33.09919249 30.69595048 30.68695629 24.85450946 30.17810532
 28.38174043 29.02387579 31.37262962 41.22067157 34.59713251 37.06930875
 40.31835608 35.75824162 35.04286279 46.57983151 27.97239134 31.21050876
 39.36978836 30.04339904 43.12160136 41.7218034  37.59735636 40.5093541
 30.30494606 40.71158221 38.55172287 38.71881551 35.63950978 45.43853137
 27.57381788 33.51984643 29.54364802 30.48420407 34.05504239 32.63936917
 36.10173038 32.52671272 48.96200538 27.07310616 34.52586853 52.15617572
 39.75500952 29.13351156 40.84273407 23.39098101 40.5014736  27.20667307
 36.17717438 30.5428     34.88795912 36.4025531  33.08334356 36.43567565
 36.18782677 44.90843534 38.80671587 38.73812141 36.96691436 41.44774224
 36.88168908 42.36022575 35.6149922  34.35163932 35.26682574 41.03977675
 33.18988081 42.86402939 46.7908115  19.72650385 42.51765169 44.97333267
 31.65485858 27.09145703 35.51544759 51.28347125 36.33299188 38.42764201
 38.40147451 33.45490211 44.52871463 39.87089022 38.67730779 41.67011435
 50.07243073 36.17993028 36.21474421 38.67381612 38.93159661 32.1030447
 26.02984011 36.86978816 44.63734869 34.74270202 38.87842897 32.91576042
 52.40683952 43.92766125 38.44174782 41.93225914 31.62830918 49.87366204
 48.91062736 34.65001183 33.71054498 41.39617408 38.47728976 43.03541123
 36.70541174 37.01108406 48.46770119 31.64489711 36.91092638 34.81653242
 31.34869718 41.58805818 31.14214608 44.1986325  35.40769061 35.0744286
 38.44277333 29.15202791 40.23193872 38.19365326 27.13506609 33.84334332
 31.25318223 29.71400027 43.34265464 33.40876794 28.99404311 33.73067542
 37.26498825 54.29407559 39.31293145 28.14367652 36.88753109 33.75295864
 35.96080359 44.62669266 30.65739242 32.93785411 36.74584708 26.78280977
 18.64982642 37.59069011 41.08558468 37.03743439 44.60385626 28.3188071
 27.37318347 37.77369546 37.69873232 32.67583879 42.67129107 26.60425682
 36.64434393 49.18368128 48.69662047 34.1546451  33.08483876 30.73280356
 41.2822842  43.01443511 36.18548672 39.31997836 29.69281361 31.11507469
 28.07637807 39.87335829 46.48821759 25.46143876 33.35996977 33.37123589
 35.31128903 43.67073494 37.19493341 26.96796088 30.98159652 35.00635666
 32.6960852  40.58254093 31.16402938 35.28281866 33.50637883 43.18767576
 47.43236534 34.0171356 ]
